0.705522 -6.46735 -3.01467 
-0.53381 -1.27515 2.37359 
-2.72454 0.160072 -0.169572 
0.940747 0.211789 2.5312 
1.33258 3.18488 -2.04491 
4.44141 -0.417071 3.40752 
2.27239 3.08346 -4.06083 
-5.5099 -1.34843 4.11601 
-1.63486 -0.666461 6.99682 
-0.685686 -2.48953 4.98493 
3.34536 2.43636 1.95465 
2.86339 -2.9037 1.16275 
-1.27307 -6.14944 2.83719 
-0.395327 2.3611 1.24189 
-0.286413 2.25957 0.596414 
-2.00604 4.9029 -0.196805 
2.11106 -2.68882 0.524986 
-3.24258 -1.14224 2.47888 
-1.17966 -4.2312 1.64629 
0.945133 -3.53044 0.876381 
0.204382 3.22398 -0.237966 
3.74103 1.50665 -0.562551 
4.41412 -1.15734 4.30021 
4.72645 -4.38234 -0.665973 
-2.63128 1.59815 2.64624 
-2.23704 -0.307082 -3.87549 
1.13512 0.351446 1.3953 
1.45642 3.45813 4.30324 
2.48788 -1.56361 5.05846 
3.16562 3.63663 1.67047 
1.53892 -4.20771 -0.803381 
-3.49452 0.562445 3.24403 
-1.92059 -2.15901 -1.48655 
-6.33323 -2.44405 -0.021189 
0.376365 0.903442 -0.344663 
-1.37234 1.72547 -1.76301 
3.81295 3.01899 -1.40987 
2.69552 -3.70775 1.94316 

。。。
文件太大无法上传 截取一部分
 
